
# These define a track.
 -77.9152  -3784.31    362.3      -0.177766    0.490335    0.853212
 239.16     -389.33  -2695.52     -0.180094    0.90385     0.3881
 190.418    3502.14  -3374.04      0.00527882 -0.968351    0.249537
 430.915    3893.13  -726.384      0.0208925  -0.178936   -0.983639
 -95.5732  -3398.58   3788.98     -0.280181    0.889428   -0.361133
 162.919    3793.6    3101.59     -0.0498265   0.992046    0.115591
  10.2566   3914.34   3280.88     -0.142098   -0.00440444  0.989843

